nPatients 120 
nNurses 20 
nDays 5 
nurseAvail
2 2 2 2 2 2 2 2 2 2 2 2 2 2 2 2 2 2 2 2
patAvail
2 2 2 2 2 2 2 2 2 2 2 2 2 2 2 2 2 2 2 2 2 2 2 2 2 2 2 2 2 2 2 2 2 2 2 2 2 2 2 2 2 2 2 2 2 2 2 2 2 2 2 2 2 2 2 2 2 2 2 2 0 0 0 0 0 0 0 0 0 0 0 0 0 0 0 0 0 0 0 0
release
51 45 48 48 39 39 48 42 48 39 51 54 51 42 39 39 51 39 51 48 72 48 72 72 48 48 48 72 72 72 48 72 48 72 48 72 48 72 48 72 48 72 48 72 72 48 48 72 48 72 72 48 72 48 48 48 72 72 48 72 72 48 72 48 48 48 72 48 48 72 72 48 72 48 72 48 72 48 72 48 72 48 72 48 48 72 48 72 48 72 48 72 48 72 48 72 48 72 48 72 51 45 48 48 39 39 48 42 48 39 51 54 51 42 39 39 51 39 51 48
deadline
93 78 102 102 84 90 90 102 99 90 102 96 102 99 90 90 102 90 102 102 102 72 102 102 72 72 72 102 102 102 72 102 72 102 72 102 72 102 72 102 72 102 72 102 102 72 72 102 72 102 102 72 102 72 72 72 102 102 72 102 102 72 102 72 72 72 102 72 72 102 102 72 102 72 102 72 102 72 102 72 102 72 102 72 72 102 72 102 72 102 72 102 72 102 72 102 72 102 72 102 93 78 102 102 84 90 90 102 99 90 102 96 102 99 90 90 102 90 102 102
duration
0 0 0 0 0 0 0 0 0 0 0 0 0 0 0 0 0 0 0 0 9 12 6 12 6 6 9 6 12 9 12 9 6 12 12 9 9 12 9 6 6 12 12 6 9 12 6 9 9 6 12 6 6 9 12 9 6 12 12 6 6 6 9 6 12 6 9 9 9 12 9 12 6 9 12 6 9 12 6 9 12 6 9 12 9 12 6 9 12 6 9 12 6 9 12 6 9 12 6 9 0 0 0 0 0 0 0 0 0 0 0 0 0 0 0 0 0 0 0 0
dayReq
5 5 5 5 5 5 5 5 5 5 5 5 5 5 5 5 5 5 5 5 5 5 5 3 5 5 5 5 1 5 5 5 3 5 5 3 3 5 5 5 5 5 5 5 5 5 3 5 5 5 5 2 5 5 3 5 5 5 5 5 5 5 5 2 5 5 1 5 3 5 5 5 5 5 5 5 5 2 5 5 5 5 5 3 5 5 5 5 5 5 5 5 5 5 5 5 5 5 5 5 5 5 5 5 5 5 5 5 5 5 5 5 5 5 5 5 5 5 5 5
code
0 0 0 0 0 0 0 0 0 0 0 0 0 0 0 0 0 0 0 0 0 0 0 1 0 0 0 0 0 0 0 0 1 0 0 1 1 0 0 0 0 0 0 0 0 0 1 0 0 0 0 2 0 0 1 0 0 0 0 0 0 0 0 2 0 0 0 0 1 0 0 0 0 0 0 0 0 2 0 0 0 0 0 1 0 0 0 0 0 0 0 0 0 0 0 0 0 0 0 0 0 0 0 0 0 0 0 0 0 0 0 0 0 0 0 0 0 0 0 0
nurseType
1 1 1 1 1 1 1 1 1 1 1 1 1 1 1 1 1 1 1 1
maxWeekly
240 240 240 240 240 240 240 240 240 240 240 240 240 240 240 240 240 240 240 240
base
1 101 2 102 3 103 4 104 5 105 6 106 7 107 8 108 9 109 10 110 11 111 12 112 13 113 14 114 15 115 16 116 17 117 18 118 19 119 20 120
travelTime
0 0 0 0 0 0 0 0 0 0 0 0 0 0 0 0 0 0 0 0 5 3 3 3 3 1 2 2 4 2 5 2 2 4 4 2 3 6 4 6 3 3 3 3 5 2 2 4 3 3 3 7 6 5 2 3 2 5 3 3 3 2 1 4 5 2 5 2 3 2 2 5 2 2 4 6 2 2 2 2 3 3 2 3 6 2 2 6 3 6 2 6 5 5 1 0 3 6 5 6 0 0 0 0 0 0 0 0 0 0 0 0 0 0 0 0 0 0 0 0
0 0 0 0 0 0 0 0 0 0 0 0 0 0 0 0 0 0 0 0 3 3 2 1 1 3 3 4 6 4 6 3 2 3 5 4 1 6 6 6 4 1 5 2 6 4 4 3 3 2 5 5 8 5 4 2 4 3 2 1 5 4 3 6 6 4 7 4 1 4 4 6 4 4 2 8 4 3 4 4 5 5 4 1 6 4 4 8 3 8 4 8 5 3 3 3 3 6 3 8 0 0 0 0 0 0 0 0 0 0 0 0 0 0 0 0 0 0 0 0
0 0 0 0 0 0 0 0 0 0 0 0 0 0 0 0 0 0 0 0 5 2 3 3 3 2 2 2 5 2 5 2 3 4 4 2 3 6 5 6 4 3 3 3 5 2 2 4 3 3 3 6 6 5 2 3 2 5 3 3 3 2 1 4 5 2 5 2 3 2 2 6 2 2 3 7 2 2 2 2 3 3 2 3 6 2 3 7 4 6 2 6 5 5 2 1 3 6 5 6 0 0 0 0 0 0 0 0 0 0 0 0 0 0 0 0 0 0 0 0
0 0 0 0 0 0 0 0 0 0 0 0 0 0 0 0 0 0 0 0 5 3 3 3 3 1 2 2 4 2 5 2 2 4 4 2 3 6 4 6 3 3 3 3 5 2 2 4 3 3 3 7 6 5 2 3 2 5 3 3 3 2 1 4 5 2 5 2 3 2 2 5 2 2 4 6 2 2 2 2 3 3 2 3 6 2 2 6 3 6 2 6 5 5 1 0 3 6 5 6 0 0 0 0 0 0 0 0 0 0 0 0 0 0 0 0 0 0 0 0
0 0 0 0 0 0 0 0 0 0 0 0 0 0 0 0 0 0 0 0 5 2 3 3 3 2 2 2 5 2 5 2 3 4 4 2 3 6 5 6 4 3 3 3 5 2 2 4 3 3 3 6 6 5 2 3 2 5 3 3 3 2 1 4 5 2 5 2 3 2 2 6 2 2 3 7 2 2 2 2 3 3 2 3 6 2 3 7 4 6 2 6 5 5 2 1 3 6 5 6 0 0 0 0 0 0 0 0 0 0 0 0 0 0 0 0 0 0 0 0
0 0 0 0 0 0 0 0 0 0 0 0 0 0 0 0 0 0 0 0 3 4 3 2 3 4 3 3 6 4 6 4 2 2 4 5 2 8 5 8 3 2 5 0 7 5 5 2 2 1 5 7 9 6 4 4 3 3 1 2 5 4 3 6 7 5 7 5 2 4 4 5 5 5 4 8 4 4 4 4 5 5 5 2 8 4 4 8 1 9 3 8 6 3 4 3 3 7 3 9 0 0 0 0 0 0 0 0 0 0 0 0 0 0 0 0 0 0 0 0
0 0 0 0 0 0 0 0 0 0 0 0 0 0 0 0 0 0 0 0 6 2 3 3 3 2 3 3 5 2 5 0 3 5 5 2 4 5 5 5 4 4 2 4 4 2 2 5 4 4 3 6 5 4 2 3 3 6 4 4 3 2 2 3 4 2 4 2 3 2 2 6 2 2 4 6 2 2 2 2 2 3 2 4 5 2 3 6 4 5 2 5 4 6 2 2 3 5 6 5 0 0 0 0 0 0 0 0 0 0 0 0 0 0 0 0 0 0 0 0
0 0 0 0 0 0 0 0 0 0 0 0 0 0 0 0 0 0 0 0 5 5 6 4 5 4 2 2 4 4 4 4 3 3 2 5 5 8 3 8 1 4 4 3 7 5 5 4 2 3 5 9 8 7 4 6 3 5 3 4 5 4 3 5 7 5 7 5 4 4 4 3 5 5 6 8 4 4 4 4 5 5 5 5 8 4 3 8 3 8 3 8 7 5 4 3 3 8 5 8 0 0 0 0 0 0 0 0 0 0 0 0 0 0 0 0 0 0 0 0
0 0 0 0 0 0 0 0 0 0 0 0 0 0 0 0 0 0 0 0 3 5 4 4 4 6 6 7 9 6 9 6 5 5 7 7 3 8 9 8 7 4 8 4 9 7 7 4 6 5 8 7 10 7 7 4 7 3 4 3 8 7 5 9 8 7 9 7 4 7 6 9 7 7 3 11 7 6 6 7 7 8 7 3 8 7 7 11 5 10 7 10 7 3 6 6 3 8 3 10 0 0 0 0 0 0 0 0 0 0 0 0 0 0 0 0 0 0 0 0
0 0 0 0 0 0 0 0 0 0 0 0 0 0 0 0 0 0 0 0 6 2 3 3 3 2 3 3 5 2 5 0 3 5 5 2 4 5 5 5 4 4 2 4 4 2 2 5 4 4 3 6 5 4 2 3 3 6 4 4 3 2 2 3 4 2 4 2 3 2 2 6 2 2 4 6 2 2 2 2 2 3 2 4 5 2 3 6 4 5 2 5 4 6 2 2 3 5 6 5 0 0 0 0 0 0 0 0 0 0 0 0 0 0 0 0 0 0 0 0
0 0 0 0 0 0 0 0 0 0 0 0 0 0 0 0 0 0 0 0 4 2 1 2 2 3 4 4 6 4 7 3 4 5 6 4 3 6 6 6 6 2 4 3 5 4 4 4 5 4 5 5 7 4 4 1 4 4 3 3 5 4 3 5 5 4 6 4 2 4 4 7 4 3 2 8 4 3 4 3 4 5 4 2 6 4 4 8 4 7 4 7 4 4 3 3 3 5 4 7 0 0 0 0 0 0 0 0 0 0 0 0 0 0 0 0 0 0 0 0
0 0 0 0 0 0 0 0 0 0 0 0 0 0 0 0 0 0 0 0 8 4 5 6 6 3 4 4 6 3 6 3 5 6 6 2 6 6 6 6 6 6 2 6 3 2 2 7 5 6 2 7 4 4 2 5 4 8 6 6 2 3 4 0 4 2 4 2 5 2 3 7 2 2 6 4 3 3 3 2 2 1 2 6 6 3 3 4 6 4 3 4 4 8 3 4 3 5 8 4 0 0 0 0 0 0 0 0 0 0 0 0 0 0 0 0 0 0 0 0
0 0 0 0 0 0 0 0 0 0 0 0 0 0 0 0 0 0 0 0 6 2 3 4 4 3 4 4 6 3 6 2 4 6 6 2 5 4 6 4 6 5 3 5 3 2 2 6 5 5 3 5 5 3 3 3 4 6 5 5 3 3 3 3 3 2 3 2 4 3 3 7 2 1 4 6 3 3 3 3 1 3 2 5 4 3 4 6 6 5 4 4 3 6 3 3 3 4 6 5 0 0 0 0 0 0 0 0 0 0 0 0 0 0 0 0 0 0 0 0
0 0 0 0 0 0 0 0 0 0 0 0 0 0 0 0 0 0 0 0 5 3 3 4 4 5 6 6 8 5 8 3 5 6 8 4 4 3 8 3 7 4 5 5 4 4 4 5 6 5 6 3 6 2 5 3 6 5 5 4 6 5 5 5 3 4 4 4 4 5 5 9 4 4 3 8 5 5 5 5 4 5 4 4 3 5 6 8 5 6 5 6 2 5 5 5 3 3 5 6 0 0 0 0 0 0 0 0 0 0 0 0 0 0 0 0 0 0 0 0
0 0 0 0 0 0 0 0 0 0 0 0 0 0 0 0 0 0 0 0 5 2 3 3 3 1 2 3 4 2 5 1 3 4 5 2 4 6 4 6 4 3 3 4 4 2 2 5 3 4 3 6 6 4 2 3 2 5 4 4 3 2 1 4 4 2 5 2 3 2 2 6 2 2 4 6 2 1 2 2 3 3 2 4 6 2 3 6 4 6 2 5 4 5 1 1 3 5 5 6 0 0 0 0 0 0 0 0 0 0 0 0 0 0 0 0 0 0 0 0
0 0 0 0 0 0 0 0 0 0 0 0 0 0 0 0 0 0 0 0 9 5 6 7 7 5 7 7 8 6 9 5 7 8 9 4 8 3 8 3 8 8 4 8 1 4 4 9 8 8 5 6 2 4 5 6 6 9 8 8 5 5 5 3 2 4 1 4 7 5 6 9 4 4 7 4 5 5 6 5 3 4 4 8 3 5 6 4 8 2 6 1 4 9 5 6 3 3 9 2 0 0 0 0 0 0 0 0 0 0 0 0 0 0 0 0 0 0 0 0
0 0 0 0 0 0 0 0 0 0 0 0 0 0 0 0 0 0 0 0 7 6 7 6 7 4 4 3 1 4 1 5 5 6 4 5 7 9 1 9 4 6 5 5 8 5 5 6 5 5 5 10 9 8 5 7 3 7 5 6 5 4 5 6 8 5 8 5 6 4 4 3 5 5 7 7 4 4 4 4 6 5 5 7 9 4 3 7 5 9 3 9 8 7 4 4 3 9 7 9 0 0 0 0 0 0 0 0 0 0 0 0 0 0 0 0 0 0 0 0
0 0 0 0 0 0 0 0 0 0 0 0 0 0 0 0 0 0 0 0 6 3 4 5 4 3 4 4 6 3 6 2 4 6 6 1 5 4 6 4 6 5 3 5 2 1 1 6 5 5 3 5 4 3 3 4 4 7 5 6 3 3 3 2 2 1 3 1 5 3 3 7 1 1 4 5 3 3 3 3 1 2 1 5 4 3 4 5 6 4 4 4 3 7 3 3 3 4 7 4 0 0 0 0 0 0 0 0 0 0 0 0 0 0 0 0 0 0 0 0
0 0 0 0 0 0 0 0 0 0 0 0 0 0 0 0 0 0 0 0 5 2 3 3 3 1 2 2 4 2 5 1 3 4 4 2 4 6 4 6 4 3 2 3 4 2 2 5 3 4 3 6 6 4 2 3 2 5 3 4 3 2 1 3 4 2 5 2 3 2 2 5 2 2 4 6 2 1 2 2 3 3 2 4 6 2 2 6 4 6 2 5 4 5 1 1 3 5 5 6 0 0 0 0 0 0 0 0 0 0 0 0 0 0 0 0 0 0 0 0
0 0 0 0 0 0 0 0 0 0 0 0 0 0 0 0 0 0 0 0 2 4 3 2 3 5 4 4 7 5 7 5 3 2 4 6 2 7 7 7 4 2 6 2 7 6 6 2 3 2 6 6 9 5 5 3 4 2 2 1 6 5 4 7 7 6 8 6 2 5 5 6 6 6 3 10 5 5 5 5 6 6 6 2 7 5 5 10 2 9 5 9 5 2 5 4 3 7 2 9 0 0 0 0 0 0 0 0 0 0 0 0 0 0 0 0 0 0 0 0
0 0 0 0 0 0 0 0 0 0 0 0 0 0 0 0 0 0 0 0 0 5 3 3 3 6 5 5 7 6 8 6 4 3 5 6 3 8 7 8 4 3 7 3 8 6 6 2 3 3 7 7 10 6 6 4 5 1 3 2 7 6 5 8 7 6 9 6 3 6 6 7 6 6 4 11 6 6 6 6 7 7 6 3 8 6 6 11 3 10 6 10 6 1 6 5 3 7 1 10 5 3 5 5 5 3 6 5 3 6 4 8 6 5 5 9 7 6 5 2
0 0 0 0 0 0 0 0 0 0 0 0 0 0 0 0 0 0 0 0 5 0 2 3 3 3 4 4 6 3 6 2 4 5 6 2 3 5 6 5 5 3 3 4 4 2 2 5 5 4 4 5 6 3 3 2 4 5 4 4 4 3 3 4 4 2 5 2 3 3 3 7 2 2 3 7 3 3 3 3 3 4 2 3 5 3 4 7 5 6 4 6 3 5 3 3 3 5 5 6 3 3 2 3 2 4 2 5 5 2 2 4 2 3 2 5 6 3 2 4
0 0 0 0 0 0 0 0 0 0 0 0 0 0 0 0 0 0 0 0 3 2 0 2 2 3 4 4 6 4 7 3 4 4 6 4 2 5 6 5 6 2 5 3 5 4 4 4 5 4 5 4 7 4 4 1 4 3 3 2 5 4 3 5 5 4 6 4 2 4 4 8 4 4 1 8 4 3 4 4 4 5 4 2 5 4 4 8 4 7 4 7 4 3 3 3 3 5 3 7 3 2 3 3 3 3 3 6 4 3 1 5 3 3 3 6 7 4 3 3
0 0 0 0 0 0 0 0 0 0 0 0 0 0 0 0 0 0 0 0 3 3 2 0 1 4 3 4 6 4 7 3 3 3 5 4 1 6 6 6 5 1 5 2 6 4 4 3 3 3 5 5 8 5 4 2 4 3 2 2 5 4 3 6 6 4 7 4 1 4 4 7 4 4 2 9 4 4 4 4 5 6 4 1 6 4 5 9 3 8 4 8 5 3 4 3 3 6 3 8 3 1 3 3 3 2 3 4 4 3 2 6 4 4 3 7 6 5 3 2
0 0 0 0 0 0 0 0 0 0 0 0 0 0 0 0 0 0 0 0 3 3 2 1 0 3 4 4 6 4 7 3 3 4 6 4 2 6 6 6 5 1 5 3 6 4 4 4 4 3 5 5 8 5 4 2 4 4 2 2 5 4 3 6 6 4 7 4 1 4 4 7 4 4 2 8 4 3 4 4 4 5 4 2 6 4 5 8 3 8 4 7 5 4 3 3 3 6 4 8 3 1 3 3 3 3 3 5 4 3 2 6 4 4 3 7 7 4 3 3
0 0 0 0 0 0 0 0 0 0 0 0 0 0 0 0 0 0 0 0 5 3 3 4 3 0 2 3 4 2 5 2 3 4 5 2 4 6 4 6 4 4 2 4 4 2 2 5 3 4 2 7 6 5 1 3 2 6 4 4 2 1 1 3 4 2 5 2 3 1 2 5 2 2 4 6 1 1 2 1 3 2 2 4 6 1 2 6 4 6 2 6 5 6 0 2 3 6 6 6 1 3 2 1 2 4 2 4 6 2 3 3 3 5 1 5 4 3 1 5
0 0 0 0 0 0 0 0 0 0 0 0 0 0 0 0 0 0 0 0 5 4 4 3 3 2 0 1 4 2 4 3 1 3 3 3 4 7 4 7 3 3 3 2 5 3 3 4 2 2 3 8 7 6 3 4 1 5 3 3 3 2 2 4 5 3 6 3 3 2 2 4 3 3 5 7 2 2 2 2 4 4 3 4 7 2 2 7 3 7 2 7 6 5 2 2 3 7 5 7 2 3 2 2 2 3 3 2 6 3 4 4 4 6 2 7 4 4 2 4
0 0 0 0 0 0 0 0 0 0 0 0 0 0 0 0 0 0 0 0 5 4 5 4 4 3 1 0 4 3 4 3 2 3 3 4 4 7 3 7 2 4 3 3 6 4 4 4 2 2 4 8 8 6 3 5 1 5 3 4 4 3 2 5 6 4 6 4 4 3 3 4 4 4 5 7 3 3 3 3 4 4 4 4 7 3 2 7 3 8 2 7 6 5 3 2 3 7 5 8 2 4 2 2 2 3 3 2 7 3 4 4 4 6 3 7 3 4 2 4
0 0 0 0 0 0 0 0 0 0 0 0 0 0 0 0 0 0 0 0 8 6 7 7 6 4 4 4 0 4 1 5 5 6 5 5 7 9 1 9 4 7 5 6 7 5 5 7 5 5 5 10 9 8 5 7 3 8 6 7 5 4 5 6 7 5 8 5 6 4 4 3 5 5 7 6 4 4 4 4 6 5 5 7 9 4 3 7 6 9 3 9 8 8 4 4 3 9 8 9 4 6 5 4 5 6 5 4 9 5 6 6 6 8 4 8 1 6 4 7
0 0 0 0 0 0 0 0 0 0 0 0 0 0 0 0 0 0 0 0 6 3 4 4 4 2 2 3 4 0 4 2 3 4 4 3 4 6 4 6 4 4 2 4 5 3 3 5 3 4 3 7 7 5 2 4 2 6 4 4 3 2 2 3 5 3 5 3 4 2 0 5 3 3 5 6 2 2 0 2 3 3 3 4 6 2 2 6 4 7 2 6 5 6 2 2 3 6 6 7 2 4 2 2 2 4 2 4 6 2 4 3 3 5 2 6 4 3 2 5
0 0 0 0 0 0 0 0 0 0 0 0 0 0 0 0 0 0 0 0 8 6 7 7 7 5 4 4 1 4 0 5 5 6 5 6 7 9 1 9 4 7 5 6 8 6 6 7 5 6 6 10 9 8 5 7 3 8 6 7 6 5 5 6 8 6 8 6 7 5 4 2 6 5 8 6 5 5 4 4 6 6 6 7 9 5 3 6 6 9 3 9 8 8 5 5 3 9 8 9 5 6 5 5 5 6 5 4 9 5 7 6 6 8 5 9 1 6 5 7
0 0 0 0 0 0 0 0 0 0 0 0 0 0 0 0 0 0 0 0 6 2 3 3 3 2 3 3 5 2 5 0 3 5 5 2 4 5 5 5 4 4 2 4 4 2 2 5 4 4 3 6 5 3 2 3 3 6 4 4 3 2 2 3 4 2 4 2 3 2 2 6 2 2 4 6 2 2 2 2 2 3 2 4 5 2 3 6 4 5 2 5 3 6 2 2 3 5 6 5 2 3 2 2 2 4 0 4 6 0 3 3 2 3 1 5 5 2 1 5
0 0 0 0 0 0 0 0 0 0 0 0 0 0 0 0 0 0 0 0 3 3 6 5 5 4 3 6 5 3 5 3 0 2 3 4 3 8 5 8 3 2 4 2 6 4 4 3 2 2 4 7 8 6 3 4 2 4 2 3 4 3 2 5 6 4 7 4 2 2 7 4 3 3 5 2 2 5 4 7 5 3 6 3 3 3 2 4 4 4 4 2 4 4 4 4 3 0 4 4 2 2 3 2 3 2 3 3 5 3 4 5 4 5 3 7 5 4 3 3
0 0 0 0 0 0 0 0 0 0 0 0 0 0 0 0 0 0 0 0 3 5 4 4 4 4 3 3 6 4 6 5 2 0 3 5 3 8 6 8 3 3 5 2 7 5 5 2 2 1 5 7 9 7 4 4 4 3 2 3 5 4 4 6 7 5 8 5 3 4 4 5 5 5 4 9 4 4 4 4 6 6 5 3 8 4 4 9 1 9 4 9 7 3 4 4 3 8 3 9 4 3 4 4 4 2 5 3 5 5 5 6 6 6 4 8 6 6 4 2
0 0 0 0 0 0 0 0 0 0 0 0 0 0 0 0 0 0 0 0 4 4 8 7 6 2 4 4 5 5 5 5 3 3 0 6 5 9 4 9 2 5 5 4 8 6 6 4 3 3 6 9 9 8 5 6 4 5 4 5 6 5 4 6 8 6 8 6 3 2 8 4 4 5 3 3 2 6 2 7 6 4 8 2 4 4 4 2 5 2 3 3 3 2 3 5 0 3 5 3 4 5 4 4 4 4 5 2 7 5 6 6 6 8 5 9 4 6 4 4
0 0 0 0 0 0 0 0 0 0 0 0 0 0 0 0 0 0 0 0 6 2 4 4 4 2 3 4 5 3 6 2 4 5 6 0 5 5 5 5 5 4 2 5 3 0 0 6 4 5 2 6 5 3 2 4 3 6 5 5 2 3 2 2 3 0 3 0 4 2 3 7 0 1 4 5 3 2 3 2 1 2 0 5 5 3 3 5 5 5 3 4 3 6 2 2 3 4 6 5 2 4 2 2 2 5 2 5 7 2 4 2 2 4 2 4 5 1 2 6
0 0 0 0 0 0 0 0 0 0 0 0 0 0 0 0 0 0 0 0 3 3 2 1 2 4 4 4 7 4 7 4 3 3 5 5 0 6 7 6 5 2 5 2 7 5 5 3 3 3 6 5 8 5 5 2 5 3 2 1 6 5 3 6 6 5 7 5 2 5 4 7 5 5 2 9 5 4 4 4 5 6 5 1 6 5 5 9 2 8 5 8 5 3 4 3 3 6 3 8 3 1 3 3 3 2 4 5 3 4 3 6 5 4 4 8 7 5 4 2
0 0 0 0 0 0 0 0 0 0 0 0 0 0 0 0 0 0 0 0 7 5 5 6 6 6 7 7 9 6 9 5 8 8 9 4 6 0 9 0 9 6 6 8 3 4 4 8 8 8 6 3 4 3 6 5 7 8 8 7 6 6 6 5 3 4 3 4 6 6 6 10 4 4 5 6 6 6 6 6 4 6 4 6 0 6 7 6 8 4 7 4 3 8 6 6 3 1 8 4 6 6 6 6 6 8 5 8 8 5 6 6 4 3 6 3 9 4 6 7
0 0 0 0 0 0 0 0 0 0 0 0 0 0 0 0 0 0 0 0 7 6 7 6 7 4 4 3 1 4 1 5 5 6 4 5 7 9 0 9 4 6 5 5 7 5 5 6 5 5 5 10 9 8 5 7 3 7 5 6 5 4 5 6 7 5 8 5 6 4 4 2 5 5 7 7 4 4 4 4 6 5 5 7 9 4 3 7 6 9 3 9 8 7 4 4 3 9 7 9 4 6 5 4 5 5 5 3 9 5 6 6 6 8 4 8 1 6 4 7
0 0 0 0 0 0 0 0 0 0 0 0 0 0 0 0 0 0 0 0 7 5 5 6 6 6 7 7 9 6 9 5 8 8 9 4 6 0 9 0 9 6 6 8 3 4 4 8 8 8 6 3 4 3 6 5 7 8 8 7 6 6 6 5 3 4 3 4 6 6 6 10 4 4 5 6 6 6 6 6 4 6 4 6 0 6 7 6 8 4 7 4 3 8 6 6 3 1 8 4 6 6 6 6 6 8 5 8 8 5 6 6 4 3 6 3 9 4 6 7
0 0 0 0 0 0 0 0 0 0 0 0 0 0 0 0 0 0 0 0 5 5 6 5 5 4 3 3 5 5 5 5 3 3 0 6 5 9 4 9 2 5 5 4 8 6 6 4 3 3 6 9 9 8 5 6 4 5 4 5 6 5 4 6 8 6 8 6 5 4 4 3 5 5 6 9 4 4 4 4 6 5 5 5 9 4 3 9 3 9 3 9 7 4 4 3 3 9 4 9 3 4 4 3 4 3 4 1 7 4 6 6 6 7 4 8 4 6 4 4
0 0 0 0 0 0 0 0 0 0 0 0 0 0 0 0 0 0 0 0 3 3 2 1 1 4 3 4 6 4 7 4 2 3 5 5 2 6 6 6 5 0 5 2 7 5 5 3 3 3 5 6 8 5 4 2 4 3 2 2 5 4 3 6 6 5 7 5 1 4 4 7 5 4 2 9 4 4 4 4 5 6 5 2 6 4 4 9 3 8 4 8 5 3 4 3 3 6 3 8 3 1 3 3 3 2 4 4 4 4 2 6 5 4 3 8 6 5 3 2
0 0 0 0 0 0 0 0 0 0 0 0 0 0 0 0 0 0 0 0 7 3 5 5 5 2 3 4 5 2 5 2 4 5 6 2 5 6 5 6 5 5 0 5 4 2 2 6 4 5 1 7 5 5 1 5 3 7 5 5 1 2 3 2 5 2 5 2 4 2 2 6 2 2 5 4 2 2 2 1 3 1 2 5 6 2 3 4 5 5 3 5 5 7 2 3 3 6 7 5 3 5 3 3 3 5 2 4 8 2 4 2 3 5 3 4 5 3 2 6
0 0 0 0 0 0 0 0 0 0 0 0 0 0 0 0 0 0 0 0 3 4 3 2 2 4 3 3 6 4 6 4 2 2 4 5 2 8 5 8 3 2 5 0 7 5 5 2 2 1 5 7 9 6 4 4 3 3 1 2 5 4 3 6 7 5 7 5 2 4 4 5 5 5 4 8 4 4 4 4 5 5 5 2 8 4 4 8 1 9 4 8 6 3 4 3 3 7 3 9 3 2 3 3 3 0 4 3 4 4 3 6 5 5 4 8 5 5 3 2
0 0 0 0 0 0 0 0 0 0 0 0 0 0 0 0 0 0 0 0 8 4 5 6 6 4 6 6 8 5 8 4 6 7 8 3 7 3 8 3 7 7 4 7 0 3 3 8 7 7 4 6 2 3 4 5 5 8 7 7 4 5 5 3 2 3 1 3 6 4 5 9 3 3 6 4 5 4 5 4 2 3 3 7 3 5 6 4 7 2 5 2 3 8 4 5 3 3 8 2 5 6 5 5 5 7 4 7 9 4 5 3 3 4 4 1 8 2 4 7
0 0 0 0 0 0 0 0 0 0 0 0 0 0 0 0 0 0 0 0 6 2 4 4 4 2 3 4 5 3 6 2 4 5 6 0 5 5 5 5 5 4 2 5 3 0 0 6 4 5 2 6 5 3 2 4 3 6 5 5 2 3 2 2 3 0 3 0 4 2 3 7 0 1 4 5 3 2 3 2 1 2 0 5 5 3 3 5 5 5 3 4 3 6 2 2 3 4 6 5 2 4 2 2 2 5 2 5 7 2 4 2 2 4 2 4 5 1 2 6
0 0 0 0 0 0 0 0 0 0 0 0 0 0 0 0 0 0 0 0 6 2 4 4 4 2 3 4 5 3 6 2 4 5 6 0 5 5 5 5 5 4 2 5 3 0 0 6 4 5 2 6 5 3 2 4 3 6 5 5 2 3 2 2 3 0 3 0 4 2 3 7 0 1 4 5 3 2 3 2 1 2 0 5 5 3 3 5 5 5 3 4 3 6 2 2 3 4 6 5 2 4 2 2 2 5 2 5 7 2 4 2 2 4 2 4 5 1 2 6
0 0 0 0 0 0 0 0 0 0 0 0 0 0 0 0 0 0 0 0 2 5 3 3 4 5 4 4 6 5 7 5 3 2 4 6 3 8 6 8 3 3 6 2 8 6 6 0 2 2 6 7 10 6 5 4 4 2 2 2 6 5 4 7 7 6 9 6 3 5 5 6 6 6 4 9 5 5 5 5 6 6 6 3 8 5 5 9 2 10 5 9 6 2 5 4 3 7 2 10 4 3 4 4 4 2 5 4 4 5 4 7 6 5 5 9 6 6 5 2
0 0 0 0 0 0 0 0 0 0 0 0 0 0 0 0 0 0 0 0 4 5 5 4 4 3 2 2 5 3 5 4 2 2 2 4 3 8 5 8 2 3 4 2 7 4 4 2 0 1 5 8 8 7 4 5 3 3 2 3 5 3 3 5 7 4 7 4 3 3 3 4 4 4 5 8 3 3 3 3 5 5 4 4 8 3 3 8 2 8 3 8 7 3 3 3 3 8 3 8 3 3 3 3 3 2 4 2 6 4 5 5 5 6 3 8 5 5 3 3
0 0 0 0 0 0 0 0 0 0 0 0 0 0 0 0 0 0 0 0 3 4 4 3 3 4 2 3 5 4 6 4 2 1 3 5 3 8 5 8 3 3 5 1 7 5 5 2 2 0 5 7 9 7 4 4 3 3 1 2 5 4 3 6 7 5 7 5 3 4 4 5 5 5 4 8 4 4 4 4 5 5 5 3 8 4 4 8 1 9 3 8 7 3 4 3 3 8 3 9 3 2 3 3 3 1 4 3 5 4 4 6 5 5 4 8 5 5 4 2
0 0 0 0 0 0 0 0 0 0 0 0 0 0 0 0 0 0 0 0 7 3 5 5 5 2 3 4 5 3 5 2 4 5 6 2 5 6 5 6 5 5 1 5 4 2 2 6 5 5 0 8 5 5 2 5 3 7 5 5 0 2 3 2 5 2 4 2 5 2 3 6 2 2 5 5 2 2 3 2 3 1 2 5 6 2 3 5 5 5 3 5 5 7 2 3 3 6 7 5 3 5 3 3 3 5 3 5 8 3 5 2 3 6 3 5 5 3 3 6
0 0 0 0 0 0 0 0 0 0 0 0 0 0 0 0 0 0 0 0 6 5 4 5 5 7 7 8 10 7 10 5 7 7 9 6 5 3 10 3 9 6 7 7 6 6 6 7 8 7 7 0 7 3 7 4 8 7 7 6 7 7 6 7 4 6 5 6 5 7 7 11 6 6 4 9 7 7 7 7 5 7 6 5 3 7 8 9 7 7 7 6 3 7 7 7 3 3 7 7 7 5 6 7 6 7 6 9 7 6 5 7 5 3 6 6 10 5 6 6
0 0 0 0 0 0 0 0 0 0 0 0 0 0 0 0 0 0 0 0 10 6 7 8 8 6 7 8 9 7 10 6 8 9 10 5 9 4 9 4 9 8 5 9 2 5 5 10 8 9 5 7 0 5 6 7 7 10 9 9 5 6 6 4 3 5 2 5 8 6 7 10 5 5 8 4 6 6 7 6 4 4 5 9 4 6 7 4 9 0 7 2 5 10 6 6 3 4 10 0 6 8 6 6 6 9 5 8 10 5 7 4 5 6 6 2 9 4 6 9
0 0 0 0 0 0 0 0 0 0 0 0 0 0 0 0 0 0 0 0 6 3 4 5 5 5 6 6 8 5 8 3 6 7 8 3 5 3 8 3 7 5 5 6 3 3 3 6 7 7 5 3 4 0 5 4 6 6 6 5 5 5 5 4 2 3 3 3 5 5 5 9 3 3 4 7 5 5 5 5 3 5 3 5 3 5 6 6 7 4 5 4 0 6 5 5 3 2 6 4 5 5 5 5 5 6 4 7 7 4 4 4 3 2 4 4 8 3 4 5
0 0 0 0 0 0 0 0 0 0 0 0 0 0 0 0 0 0 0 0 6 3 4 4 4 1 2 3 4 2 5 2 3 4 5 2 4 6 4 6 4 4 1 4 4 2 2 5 4 4 2 7 6 5 0 4 2 6 4 4 2 1 2 2 5 2 5 2 4 1 2 5 2 2 5 5 1 1 2 1 3 2 2 4 6 1 2 5 4 6 2 6 5 6 1 2 3 6 6 6 2 4 2 2 2 4 2 4 7 2 4 2 3 5 2 5 5 3 2 5
0 0 0 0 0 0 0 0 0 0 0 0 0 0 0 0 0 0 0 0 4 2 1 2 2 3 4 4 6 4 7 3 4 4 6 4 2 5 6 5 6 2 5 4 5 4 4 4 5 4 5 4 7 4 4 0 4 4 4 3 5 4 3 5 5 4 6 4 2 4 4 8 4 4 1 8 4 3 4 4 4 5 4 2 5 4 5 8 4 7 4 7 4 4 3 3 3 5 4 7 3 2 3 3 3 4 3 6 4 3 1 5 3 3 3 6 7 4 3 3
0 0 0 0 0 0 0 0 0 0 0 0 0 0 0 0 0 0 0 0 5 4 4 4 4 2 1 1 3 2 3 3 2 4 3 3 5 7 3 7 3 4 3 3 5 3 3 4 3 3 3 8 7 5 2 4 0 5 3 4 3 2 2 4 5 3 6 3 4 2 2 4 3 3 5 7 2 2 2 2 4 3 3 5 7 2 1 7 3 7 1 7 5 5 2 2 3 7 5 7 2 4 2 2 2 3 3 3 7 3 4 4 4 6 2 6 3 4 2 4
0 0 0 0 0 0 0 0 0 0 0 0 0 0 0 0 0 0 0 0 1 5 3 3 3 6 5 5 7 6 8 6 4 3 5 6 3 7 7 7 5 3 7 3 8 6 6 2 4 3 7 7 10 6 6 4 5 0 3 2 7 6 5 8 7 6 9 6 3 6 6 7 6 6 4 10 6 6 6 6 6 7 6 3 7 6 6 10 3 10 6 9 6 0 6 5 3 7 0 10 5 3 5 5 5 3 6 5 3 6 4 8 6 5 5 9 7 7 5 2
0 0 0 0 0 0 0 0 0 0 0 0 0 0 0 0 0 0 0 0 3 4 3 2 2 4 3 3 6 4 6 4 2 2 4 5 2 8 5 8 3 2 5 1 7 5 5 2 2 1 5 7 9 6 4 4 3 3 0 2 5 4 3 6 7 5 7 5 2 4 4 5 5 5 3 9 4 4 4 4 5 5 5 2 8 4 4 9 1 9 4 8 6 3 4 3 3 7 3 9 3 2 3 3 3 1 4 3 4 4 3 6 5 5 4 8 5 5 3 2
0 0 0 0 0 0 0 0 0 0 0 0 0 0 0 0 0 0 0 0 2 4 2 2 2 4 3 4 6 4 7 4 3 3 4 5 1 7 6 7 4 2 5 2 7 5 5 2 3 2 6 6 9 5 5 3 4 2 2 0 6 5 3 6 6 5 8 5 2 4 4 6 5 5 3 9 5 4 4 4 6 6 5 1 7 5 5 9 2 9 4 9 5 2 4 3 3 6 2 9 3 1 3 3 3 2 4 4 3 4 3 6 5 4 4 8 6 6 4 1
0 0 0 0 0 0 0 0 0 0 0 0 0 0 0 0 0 0 0 0 7 3 5 5 5 2 3 4 5 3 5 2 4 5 6 2 5 6 5 6 5 5 1 5 4 2 2 6 5 5 0 8 5 5 2 5 3 7 5 5 0 2 3 2 5 2 4 2 5 2 3 6 2 2 5 5 2 2 3 2 3 1 2 5 6 2 3 5 5 5 3 5 5 7 2 3 3 6 7 5 3 5 3 3 3 5 3 5 8 3 5 2 3 6 3 5 5 3 3 6
0 0 0 0 0 0 0 0 0 0 0 0 0 0 0 0 0 0 0 0 6 3 4 4 4 1 2 3 4 2 5 2 3 4 5 3 5 6 4 6 4 4 2 4 5 3 3 5 3 4 2 7 6 5 1 4 2 6 4 5 2 0 2 3 5 3 5 3 4 1 2 5 3 3 5 6 0 1 2 1 3 2 3 5 6 0 2 6 4 6 2 6 5 6 1 2 3 6 6 6 2 4 2 2 2 4 2 4 7 2 4 3 3 5 2 5 4 3 2 5
0 0 0 0 0 0 0 0 0 0 0 0 0 0 0 0 0 0 0 0 5 3 3 3 3 1 2 2 4 2 5 2 2 4 4 2 3 6 4 6 4 3 3 3 5 2 2 4 3 3 3 7 6 5 2 3 2 5 3 3 3 2 0 4 5 2 5 2 3 2 2 5 2 2 4 6 2 1 2 2 3 3 2 3 6 2 2 6 4 6 2 6 5 5 1 1 3 6 5 6 1 3 1 1 1 3 2 3 5 2 3 4 3 5 1 5 5 3 1 4
0 0 0 0 0 0 0 0 0 0 0 0 0 0 0 0 0 0 0 0 8 4 5 6 6 3 4 4 6 3 6 3 5 6 6 2 6 6 6 6 6 6 2 6 3 2 2 7 5 6 2 7 4 4 2 5 4 8 6 6 2 3 4 0 4 2 4 2 5 2 3 7 2 2 6 4 3 3 3 2 2 1 2 6 6 3 3 4 6 4 3 4 4 8 3 4 3 5 8 4 4 6 4 4 4 6 3 5 9 3 5 0 3 5 4 3 6 2 3 7
0 0 0 0 0 0 0 0 0 0 0 0 0 0 0 0 0 0 0 0 7 4 5 6 6 4 6 6 7 5 8 4 6 7 8 3 6 3 7 3 7 6 5 7 2 3 3 8 7 7 4 4 3 2 5 5 5 7 7 6 4 5 5 4 0 3 2 3 6 5 5 9 3 3 5 5 5 4 5 5 2 4 3 6 3 5 6 5 7 3 5 3 2 7 4 5 3 2 7 3 5 6 5 5 5 7 4 7 8 4 5 4 3 3 4 2 8 2 4 7
0 0 0 0 0 0 0 0 0 0 0 0 0 0 0 0 0 0 0 0 6 2 4 4 4 2 3 4 5 3 6 2 4 5 6 0 5 4 5 4 5 4 2 5 3 0 0 6 4 5 2 6 5 3 2 4 3 6 5 5 2 3 2 2 3 0 3 0 4 2 3 6 0 1 4 5 3 2 3 2 1 2 0 5 4 3 3 5 5 5 3 4 3 6 2 2 3 4 6 5 2 4 2 2 2 5 2 5 7 2 4 2 2 4 2 4 5 1 2 6
0 0 0 0 0 0 0 0 0 0 0 0 0 0 0 0 0 0 0 0 9 5 6 7 7 5 6 6 8 5 8 4 7 8 8 3 7 3 8 3 8 7 5 7 1 3 3 9 7 7 4 5 2 3 5 6 6 9 7 8 4 5 5 3 2 3 0 3 7 5 5 9 3 3 7 4 5 5 5 5 3 4 3 7 3 5 6 4 8 2 6 2 3 9 5 5 3 3 9 2 5 7 5 5 5 7 4 7 9 4 6 4 3 4 5 1 8 3 5 8
0 0 0 0 0 0 0 0 0 0 0 0 0 0 0 0 0 0 0 0 6 2 4 4 4 2 3 4 5 3 6 2 4 5 6 0 5 4 5 4 5 4 2 5 3 0 0 6 4 5 2 6 5 3 2 4 3 6 5 5 2 3 2 2 3 0 3 0 4 2 3 6 0 1 4 5 3 2 3 2 1 2 0 5 4 3 3 5 5 5 3 4 3 6 2 2 3 4 6 5 2 4 2 2 2 5 2 5 7 2 4 2 2 4 2 4 5 1 2 6
0 0 0 0 0 0 0 0 0 0 0 0 0 0 0 0 0 0 0 0 3 3 2 1 1 3 3 4 6 4 7 3 2 3 5 4 2 6 6 6 4 1 5 2 6 4 4 3 3 3 5 5 8 5 4 2 4 3 2 2 5 4 3 6 6 4 7 4 0 4 4 6 4 4 2 9 4 4 4 4 5 5 4 2 6 4 4 9 3 8 4 8 5 3 3 3 3 6 3 8 3 1 3 3 3 2 3 4 4 3 2 5 4 4 3 7 6 5 3 2
0 0 0 0 0 0 0 0 0 0 0 0 0 0 0 0 0 0 0 0 6 3 4 4 4 1 2 3 4 2 5 2 3 4 5 2 4 6 4 6 4 4 2 4 4 2 2 5 3 4 2 7 6 5 1 4 2 6 4 4 2 1 2 2 5 2 5 2 4 0 2 5 2 2 5 5 1 1 2 1 3 2 2 4 6 1 2 5 4 6 2 6 5 6 1 2 3 6 6 6 2 4 2 2 2 4 2 4 7 2 4 2 3 5 2 5 4 3 2 5
0 0 0 0 0 0 0 0 0 0 0 0 0 0 0 0 0 0 0 0 6 3 4 4 4 2 2 3 4 0 4 2 3 4 4 3 4 6 4 6 4 4 2 4 5 3 3 5 3 4 3 7 7 5 2 4 2 6 4 4 3 2 2 3 5 3 5 3 4 2 0 5 3 3 5 6 2 2 0 2 3 3 3 4 6 2 2 6 4 7 2 6 5 6 2 2 3 6 6 7 2 4 2 2 2 4 2 4 6 2 4 3 3 5 2 6 4 3 2 5
0 0 0 0 0 0 0 0 0 0 0 0 0 0 0 0 0 0 0 0 7 7 8 7 7 5 4 4 3 5 2 6 5 5 3 6 7 10 3 10 3 7 6 5 9 6 6 6 4 5 7 11 10 9 6 8 4 7 5 6 7 5 5 7 9 6 9 6 7 5 5 0 6 6 8 8 5 5 5 5 7 7 6 7 10 5 4 8 5 10 4 10 9 7 5 5 3 10 7 10 5 6 6 5 6 5 6 3 9 6 7 7 7 9 6 9 3 7 5 6
0 0 0 0 0 0 0 0 0 0 0 0 0 0 0 0 0 0 0 0 6 2 4 4 4 2 3 4 5 3 6 2 4 5 6 0 5 5 5 5 5 4 2 5 3 0 0 6 4 5 2 6 5 3 2 4 3 6 5 5 2 3 2 2 3 0 3 0 4 2 3 7 0 1 4 5 3 2 3 2 1 2 0 5 5 3 3 5 5 5 3 4 3 6 2 2 3 4 6 5 2 4 2 2 2 5 2 5 7 2 4 2 2 4 2 4 5 1 2 6
0 0 0 0 0 0 0 0 0 0 0 0 0 0 0 0 0 0 0 0 6 2 4 4 4 2 3 3 5 2 6 1 4 5 5 1 5 5 5 5 5 4 2 5 3 1 1 6 4 5 2 6 5 3 2 3 3 6 4 5 2 3 2 3 3 1 3 1 4 2 2 6 1 0 4 6 3 2 2 2 1 2 1 5 5 3 3 6 5 5 3 4 3 6 2 2 3 4 6 5 2 4 2 2 2 5 2 5 7 2 3 2 1 4 2 4 5 1 2 6
0 0 0 0 0 0 0 0 0 0 0 0 0 0 0 0 0 0 0 0 4 3 1 2 2 4 5 5 7 5 8 4 4 4 6 4 2 6 7 6 6 2 5 4 6 4 4 4 5 4 6 5 8 4 5 1 5 4 3 3 6 5 4 6 5 4 7 4 2 4 5 8 4 4 0 9 5 4 5 4 4 6 4 2 6 5 5 9 4 8 5 7 4 4 4 4 3 5 4 8 4 2 3 4 3 4 4 6 3 4 2 6 4 3 4 7 7 4 4 3
0 0 0 0 0 0 0 0 0 0 0 0 0 0 0 0 0 0 0 0 10 7 8 9 8 6 7 7 6 6 6 6 8 9 9 5 9 6 7 6 9 9 4 9 4 5 5 10 8 8 5 9 4 7 5 8 6 11 9 9 5 5 6 4 5 5 4 5 8 5 6 8 5 5 9 0 5 6 6 5 5 4 5 9 6 5 6 1 9 4 6 3 7 11 6 7 3 6 11 4 6 8 7 6 7 8 6 8 11 6 8 4 6 8 6 4 7 5 6 10
0 0 0 0 0 0 0 0 0 0 0 0 0 0 0 0 0 0 0 0 6 3 4 4 4 1 2 3 4 2 5 2 3 4 5 3 5 6 4 6 4 4 2 4 5 3 3 5 3 4 2 7 6 5 1 4 2 6 4 5 2 0 2 3 5 3 5 3 4 1 2 5 3 3 5 6 0 1 2 1 3 2 3 5 6 0 2 6 4 6 2 6 5 6 1 2 3 6 6 6 2 4 2 2 2 4 2 4 7 2 4 3 3 5 2 5 4 3 2 5
0 0 0 0 0 0 0 0 0 0 0 0 0 0 0 0 0 0 0 0 6 3 4 4 3 1 2 3 4 2 5 2 3 4 5 2 4 6 4 6 4 4 2 4 4 2 2 5 3 4 2 7 6 5 1 4 2 6 4 4 2 1 2 3 4 2 5 2 3 1 2 5 2 2 4 6 1 0 2 1 3 2 2 4 6 1 2 6 4 6 2 6 5 6 1 2 3 6 6 6 2 3 2 2 2 4 2 4 6 2 3 3 3 5 1 5 4 3 1 5
0 0 0 0 0 0 0 0 0 0 0 0 0 0 0 0 0 0 0 0 6 3 4 4 4 2 2 3 4 0 4 2 3 4 4 3 4 6 4 6 4 4 2 4 5 3 3 5 3 4 3 7 7 5 2 4 2 6 4 4 3 2 2 3 5 3 5 3 4 2 0 5 3 3 5 6 2 2 0 2 3 3 3 4 6 2 2 6 4 7 2 6 5 6 2 2 3 6 6 7 2 4 2 2 2 4 2 4 6 2 4 3 3 5 2 6 4 3 2 5
0 0 0 0 0 0 0 0 0 0 0 0 0 0 0 0 0 0 0 0 6 3 4 4 4 1 2 3 4 1 5 2 3 4 5 2 4 6 4 6 4 4 1 4 4 2 2 5 3 4 2 7 6 5 1 4 2 6 4 4 2 1 2 2 5 2 5 2 4 1 1 5 2 2 4 5 1 1 1 0 3 2 2 4 6 1 2 5 4 6 2 6 5 6 1 2 3 6 6 6 2 4 2 2 2 4 2 4 7 2 3 2 3 5 2 5 4 3 2 5
0 0 0 0 0 0 0 0 0 0 0 0 0 0 0 0 0 0 0 0 7 3 4 5 4 3 4 4 6 3 6 2 5 6 6 2 5 4 6 4 6 5 3 5 2 2 2 7 5 6 3 5 4 3 3 4 4 7 5 6 3 3 3 2 2 2 3 2 5 3 3 7 2 1 5 5 3 3 3 3 0 2 2 5 4 3 4 5 6 4 4 4 3 7 3 3 3 4 7 4 3 5 3 3 3 5 2 5 7 2 4 2 1 4 3 3 6 1 3 6
0 0 0 0 0 0 0 0 0 0 0 0 0 0 0 0 0 0 0 0 7 4 5 5 5 2 4 4 5 3 6 3 4 6 6 2 6 6 5 6 6 5 1 5 3 2 2 6 5 5 2 7 4 5 2 5 3 7 5 6 2 2 3 1 4 2 4 2 5 2 3 6 2 2 6 4 2 2 3 2 2 0 2 6 6 2 3 4 6 4 3 4 5 7 2 3 3 6 7 4 3 5 3 3 3 5 3 5 8 3 5 1 3 5 3 4 5 2 3 6
0 0 0 0 0 0 0 0 0 0 0 0 0 0 0 0 0 0 0 0 6 2 4 4 4 2 3 4 5 3 6 2 4 5 6 0 5 5 5 5 5 4 2 5 3 0 0 6 4 5 2 6 5 3 2 4 3 6 5 5 2 3 2 2 3 0 3 0 4 2 3 7 0 1 4 5 3 2 3 2 1 2 0 5 5 3 3 5 5 5 3 4 3 6 2 2 3 4 6 5 2 4 2 2 2 5 2 5 7 2 4 2 2 4 2 4 5 1 2 6
0 0 0 0 0 0 0 0 0 0 0 0 0 0 0 0 0 0 0 0 3 3 2 1 2 4 4 4 7 4 7 4 3 3 5 5 1 6 7 6 5 2 5 2 7 5 5 3 4 3 6 5 8 5 5 2 4 3 2 1 6 5 3 6 6 5 7 5 2 4 4 7 5 5 2 9 5 4 4 4 5 6 5 0 6 5 5 9 2 8 5 8 5 3 4 3 3 6 3 8 3 1 3 3 3 2 4 5 3 4 2 6 5 4 4 8 7 5 4 2
0 0 0 0 0 0 0 0 0 0 0 0 0 0 0 0 0 0 0 0 7 5 5 6 6 6 7 7 9 6 9 5 8 8 9 4 6 0 9 0 9 6 6 8 3 4 4 8 8 8 6 3 4 3 6 5 7 8 8 7 6 6 6 5 3 4 3 4 6 6 6 10 4 4 5 6 6 6 6 6 4 6 4 6 0 6 7 6 8 4 7 4 3 8 6 6 3 1 8 4 6 6 6 6 6 8 5 8 8 5 6 6 4 3 6 3 9 4 6 7
0 0 0 0 0 0 0 0 0 0 0 0 0 0 0 0 0 0 0 0 6 3 4 4 4 1 2 3 4 2 5 2 3 4 5 3 5 6 4 6 4 4 2 4 5 3 3 5 3 4 2 7 6 5 1 4 2 6 4 5 2 0 2 3 5 3 5 3 4 1 2 5 3 3 5 6 0 1 2 1 3 2 3 5 6 0 2 6 4 6 2 6 5 6 1 2 3 6 6 6 2 4 2 2 2 4 2 4 7 2 4 3 3 5 2 5 4 3 2 5
0 0 0 0 0 0 0 0 0 0 0 0 0 0 0 0 0 0 0 0 6 4 4 5 4 2 2 2 3 2 3 3 3 4 4 3 5 7 3 7 3 5 3 4 5 3 3 5 3 4 3 8 7 6 2 4 1 6 4 5 3 2 2 3 5 3 6 3 4 2 2 4 3 3 5 6 2 2 2 2 4 3 3 5 7 2 0 6 4 7 1 7 6 6 2 2 3 7 6 7 2 4 3 2 3 4 3 3 7 3 4 3 4 6 3 6 3 4 2 5
0 0 0 0 0 0 0 0 0 0 0 0 0 0 0 0 0 0 0 0 10 7 8 9 8 6 7 7 7 6 6 6 8 9 9 5 9 6 7 6 9 9 5 9 4 5 5 10 8 8 5 9 4 7 5 8 7 11 9 9 5 6 6 4 5 5 4 5 8 5 6 8 5 6 9 1 6 6 6 5 5 4 5 9 6 6 6 0 9 4 6 3 7 11 6 7 3 6 11 4 6 8 7 6 7 8 6 8 11 6 8 4 6 8 6 4 7 5 6 10
0 0 0 0 0 0 0 0 0 0 0 0 0 0 0 0 0 0 0 0 3 5 4 3 3 4 3 3 6 4 6 4 2 1 3 5 2 8 6 8 3 3 5 1 7 5 5 2 2 1 5 7 9 6 4 4 3 3 1 2 5 4 4 6 7 5 8 5 3 4 4 5 5 5 4 9 4 4 4 4 6 6 5 2 8 4 4 9 0 9 4 9 6 3 4 4 3 8 3 9 3 3 4 3 4 1 4 3 5 4 4 6 6 5 4 8 5 6 4 2
0 0 0 0 0 0 0 0 0 0 0 0 0 0 0 0 0 0 0 0 10 6 7 8 8 6 7 8 9 7 10 6 8 9 10 5 9 4 9 4 9 8 5 9 2 5 5 10 8 9 5 7 0 5 6 7 7 10 9 9 5 6 6 4 3 5 2 5 8 6 7 10 5 5 8 4 6 6 7 6 4 4 5 9 4 6 7 4 9 0 7 2 5 10 6 6 3 4 10 0 6 8 6 6 6 9 5 8 10 5 7 4 5 6 6 2 9 4 6 9
0 0 0 0 0 0 0 0 0 0 0 0 0 0 0 0 0 0 0 0 6 3 4 4 4 2 2 2 3 2 3 2 3 4 4 3 5 7 3 7 4 4 3 4 5 3 3 5 3 3 3 8 7 5 2 4 1 6 4 4 3 2 2 3 5 3 6 3 4 2 2 4 3 3 5 6 2 2 2 2 4 3 3 5 7 2 1 6 4 7 0 6 5 6 2 2 3 7 6 7 2 4 2 2 2 3 2 3 7 2 4 3 4 5 2 6 3 4 2 5
0 0 0 0 0 0 0 0 0 0 0 0 0 0 0 0 0 0 0 0 10 6 7 8 7 6 7 7 9 6 8 5 7 9 9 4 8 4 9 4 9 8 5 8 2 4 4 9 8 8 5 6 2 4 5 7 7 10 8 9 5 6 6 4 3 4 2 4 8 6 6 10 4 4 8 3 6 6 6 6 4 4 4 8 4 6 7 3 9 2 6 0 4 10 6 6 3 4 10 2 6 8 6 6 6 8 5 8 10 5 7 4 4 6 5 1 9 4 5 9
0 0 0 0 0 0 0 0 0 0 0 0 0 0 0 0 0 0 0 0 6 3 4 5 5 5 6 6 8 5 8 3 6 7 8 3 5 3 8 3 7 5 5 6 3 3 3 6 7 7 5 3 4 0 5 4 6 6 6 5 5 5 5 4 2 3 3 3 5 5 5 9 3 3 4 7 5 5 5 5 3 5 3 5 3 5 6 6 7 4 5 4 0 6 5 5 3 2 6 4 5 5 5 5 5 6 4 7 7 4 4 4 3 2 4 4 8 3 4 5
0 0 0 0 0 0 0 0 0 0 0 0 0 0 0 0 0 0 0 0 1 5 3 3 3 6 5 5 7 6 8 6 4 3 5 6 3 7 7 7 5 3 7 3 8 6 6 2 4 3 7 7 10 6 6 4 5 0 3 2 7 6 5 8 7 6 9 6 3 6 6 7 6 6 4 10 6 6 6 6 6 7 6 3 7 6 6 10 3 10 6 9 6 0 6 5 3 7 0 10 5 3 5 5 5 3 6 5 3 6 4 8 6 5 5 9 7 7 5 2
0 0 0 0 0 0 0 0 0 0 0 0 0 0 0 0 0 0 0 0 5 3 3 4 3 0 2 3 4 2 5 2 3 4 5 2 4 6 4 6 4 4 2 4 4 2 2 5 3 4 2 7 6 5 1 3 2 6 4 4 2 1 1 3 4 2 5 2 3 1 2 5 2 2 4 6 1 1 2 1 3 2 2 4 6 1 2 6 4 6 2 6 5 6 0 2 3 6 6 6 1 3 2 1 2 4 2 4 6 2 3 3 3 5 1 5 4 3 1 5
0 0 0 0 0 0 0 0 0 0 0 0 0 0 0 0 0 0 0 0 5 3 3 3 3 1 2 2 4 2 5 2 2 4 4 2 3 6 4 6 3 3 3 3 5 2 2 4 3 3 3 7 6 5 2 3 2 5 3 3 3 2 1 4 5 2 5 2 3 2 2 5 2 2 4 7 2 2 2 2 3 3 2 3 6 2 2 7 3 6 2 6 5 5 1 0 3 6 5 6 0 3 1 0 1 3 2 3 6 2 3 4 3 5 1 6 4 3 1 4
0 0 0 0 0 0 0 0 0 0 0 0 0 0 0 0 0 0 0 0 3 3 3 3 3 3 3 3 3 3 3 3 3 3 3 3 3 3 3 3 3 3 3 3 3 3 3 3 3 3 3 3 3 3 3 3 3 3 3 3 3 3 3 3 3 3 3 3 3 3 3 3 3 3 3 3 3 3 3 3 3 3 3 3 3 3 3 3 3 3 3 3 3 3 3 3 3 3 3 3 3 3 3 3 3 3 3 3 3 3 3 3 3 3 3 3 3 3 3 3
0 0 0 0 0 0 0 0 0 0 0 0 0 0 0 0 0 0 0 0 7 5 5 6 6 6 7 7 9 6 9 5 7 8 9 4 6 1 9 1 9 6 6 8 3 4 4 8 8 8 6 3 4 2 6 5 7 7 8 7 6 6 6 5 2 4 3 4 6 6 6 10 4 4 5 6 6 6 6 6 4 5 4 6 1 6 7 6 8 4 7 4 2 7 6 6 3 0 7 4 6 6 6 6 6 7 5 8 8 5 5 5 4 3 5 3 9 4 5 7
0 0 0 0 0 0 0 0 0 0 0 0 0 0 0 0 0 0 0 0 1 5 3 3 3 6 5 5 7 6 8 6 4 3 5 6 3 7 7 7 5 3 7 3 8 6 6 2 4 3 7 7 10 6 6 4 5 0 3 2 7 6 5 8 7 6 9 6 3 6 6 7 6 6 4 10 6 6 6 6 6 7 6 3 7 6 6 10 3 10 6 9 6 0 6 5 3 7 0 10 5 3 5 5 5 3 6 5 3 6 4 8 6 5 5 9 7 7 5 2
0 0 0 0 0 0 0 0 0 0 0 0 0 0 0 0 0 0 0 0 10 6 7 8 8 6 7 8 9 7 10 6 8 9 10 5 9 4 9 4 9 8 5 9 2 5 5 10 8 9 5 7 0 5 6 7 7 10 9 9 5 6 6 4 3 5 2 5 8 6 7 10 5 5 8 4 6 6 7 6 4 4 5 9 4 6 7 4 9 0 7 2 5 10 6 6 3 4 10 0 6 8 6 6 6 9 5 8 10 5 7 4 5 6 6 2 9 4 6 9
0 0 0 0 0 0 0 0 0 0 0 0 0 0 0 0 0 0 0 0 5 3 3 3 3 1 2 2 4 2 5 2 2 4 4 2 3 6 4 6 3 3 3 3 5 2 2 4 3 3 3 7 6 5 2 3 2 5 3 3 3 2 1 4 5 2 5 2 3 2 2 5 2 2 4 6 2 2 2 2 3 3 2 3 6 2 2 6 3 6 2 6 5 5 1 0 3 6 5 6 0 0 0 0 0 0 0 0 0 0 0 0 0 0 0 0 0 0 0 0
0 0 0 0 0 0 0 0 0 0 0 0 0 0 0 0 0 0 0 0 3 3 2 1 1 3 3 4 6 4 6 3 2 3 5 4 1 6 6 6 4 1 5 2 6 4 4 3 3 2 5 5 8 5 4 2 4 3 2 1 5 4 3 6 6 4 7 4 1 4 4 6 4 4 2 8 4 3 4 4 5 5 4 1 6 4 4 8 3 8 4 8 5 3 3 3 3 6 3 8 0 0 0 0 0 0 0 0 0 0 0 0 0 0 0 0 0 0 0 0
0 0 0 0 0 0 0 0 0 0 0 0 0 0 0 0 0 0 0 0 5 2 3 3 3 2 2 2 5 2 5 2 3 4 4 2 3 6 5 6 4 3 3 3 5 2 2 4 3 3 3 6 6 5 2 3 2 5 3 3 3 2 1 4 5 2 5 2 3 2 2 6 2 2 3 7 2 2 2 2 3 3 2 3 6 2 3 7 4 6 2 6 5 5 2 1 3 6 5 6 0 0 0 0 0 0 0 0 0 0 0 0 0 0 0 0 0 0 0 0
0 0 0 0 0 0 0 0 0 0 0 0 0 0 0 0 0 0 0 0 5 3 3 3 3 1 2 2 4 2 5 2 2 4 4 2 3 6 4 6 3 3 3 3 5 2 2 4 3 3 3 7 6 5 2 3 2 5 3 3 3 2 1 4 5 2 5 2 3 2 2 5 2 2 4 6 2 2 2 2 3 3 2 3 6 2 2 6 3 6 2 6 5 5 1 0 3 6 5 6 0 0 0 0 0 0 0 0 0 0 0 0 0 0 0 0 0 0 0 0
0 0 0 0 0 0 0 0 0 0 0 0 0 0 0 0 0 0 0 0 5 2 3 3 3 2 2 2 5 2 5 2 3 4 4 2 3 6 5 6 4 3 3 3 5 2 2 4 3 3 3 6 6 5 2 3 2 5 3 3 3 2 1 4 5 2 5 2 3 2 2 6 2 2 3 7 2 2 2 2 3 3 2 3 6 2 3 7 4 6 2 6 5 5 2 1 3 6 5 6 0 0 0 0 0 0 0 0 0 0 0 0 0 0 0 0 0 0 0 0
0 0 0 0 0 0 0 0 0 0 0 0 0 0 0 0 0 0 0 0 3 4 3 2 3 4 3 3 6 4 6 4 2 2 4 5 2 8 5 8 3 2 5 0 7 5 5 2 2 1 5 7 9 6 4 4 3 3 1 2 5 4 3 6 7 5 7 5 2 4 4 5 5 5 4 8 4 4 4 4 5 5 5 2 8 4 4 8 1 9 3 8 6 3 4 3 3 7 3 9 0 0 0 0 0 0 0 0 0 0 0 0 0 0 0 0 0 0 0 0
0 0 0 0 0 0 0 0 0 0 0 0 0 0 0 0 0 0 0 0 6 2 3 3 3 2 3 3 5 2 5 0 3 5 5 2 4 5 5 5 4 4 2 4 4 2 2 5 4 4 3 6 5 4 2 3 3 6 4 4 3 2 2 3 4 2 4 2 3 2 2 6 2 2 4 6 2 2 2 2 2 3 2 4 5 2 3 6 4 5 2 5 4 6 2 2 3 5 6 5 0 0 0 0 0 0 0 0 0 0 0 0 0 0 0 0 0 0 0 0
0 0 0 0 0 0 0 0 0 0 0 0 0 0 0 0 0 0 0 0 5 5 6 4 5 4 2 2 4 4 4 4 3 3 2 5 5 8 3 8 1 4 4 3 7 5 5 4 2 3 5 9 8 7 4 6 3 5 3 4 5 4 3 5 7 5 7 5 4 4 4 3 5 5 6 8 4 4 4 4 5 5 5 5 8 4 3 8 3 8 3 8 7 5 4 3 3 8 5 8 0 0 0 0 0 0 0 0 0 0 0 0 0 0 0 0 0 0 0 0
0 0 0 0 0 0 0 0 0 0 0 0 0 0 0 0 0 0 0 0 3 5 4 4 4 6 6 7 9 6 9 6 5 5 7 7 3 8 9 8 7 4 8 4 9 7 7 4 6 5 8 7 10 7 7 4 7 3 4 3 8 7 5 9 8 7 9 7 4 7 6 9 7 7 3 11 7 6 6 7 7 8 7 3 8 7 7 11 5 10 7 10 7 3 6 6 3 8 3 10 0 0 0 0 0 0 0 0 0 0 0 0 0 0 0 0 0 0 0 0
0 0 0 0 0 0 0 0 0 0 0 0 0 0 0 0 0 0 0 0 6 2 3 3 3 2 3 3 5 2 5 0 3 5 5 2 4 5 5 5 4 4 2 4 4 2 2 5 4 4 3 6 5 4 2 3 3 6 4 4 3 2 2 3 4 2 4 2 3 2 2 6 2 2 4 6 2 2 2 2 2 3 2 4 5 2 3 6 4 5 2 5 4 6 2 2 3 5 6 5 0 0 0 0 0 0 0 0 0 0 0 0 0 0 0 0 0 0 0 0
0 0 0 0 0 0 0 0 0 0 0 0 0 0 0 0 0 0 0 0 4 2 1 2 2 3 4 4 6 4 7 3 4 5 6 4 3 6 6 6 6 2 4 3 5 4 4 4 5 4 5 5 7 4 4 1 4 4 3 3 5 4 3 5 5 4 6 4 2 4 4 7 4 3 2 8 4 3 4 3 4 5 4 2 6 4 4 8 4 7 4 7 4 4 3 3 3 5 4 7 0 0 0 0 0 0 0 0 0 0 0 0 0 0 0 0 0 0 0 0
0 0 0 0 0 0 0 0 0 0 0 0 0 0 0 0 0 0 0 0 8 4 5 6 6 3 4 4 6 3 6 3 5 6 6 2 6 6 6 6 6 6 2 6 3 2 2 7 5 6 2 7 4 4 2 5 4 8 6 6 2 3 4 0 4 2 4 2 5 2 3 7 2 2 6 4 3 3 3 2 2 1 2 6 6 3 3 4 6 4 3 4 4 8 3 4 3 5 8 4 0 0 0 0 0 0 0 0 0 0 0 0 0 0 0 0 0 0 0 0
0 0 0 0 0 0 0 0 0 0 0 0 0 0 0 0 0 0 0 0 6 2 3 4 4 3 4 4 6 3 6 2 4 6 6 2 5 4 6 4 6 5 3 5 3 2 2 6 5 5 3 5 5 3 3 3 4 6 5 5 3 3 3 3 3 2 3 2 4 3 3 7 2 1 4 6 3 3 3 3 1 3 2 5 4 3 4 6 6 5 4 4 3 6 3 3 3 4 6 5 0 0 0 0 0 0 0 0 0 0 0 0 0 0 0 0 0 0 0 0
0 0 0 0 0 0 0 0 0 0 0 0 0 0 0 0 0 0 0 0 5 3 3 4 4 5 6 6 8 5 8 3 5 6 8 4 4 3 8 3 7 4 5 5 4 4 4 5 6 5 6 3 6 2 5 3 6 5 5 4 6 5 5 5 3 4 4 4 4 5 5 9 4 4 3 8 5 5 5 5 4 5 4 4 3 5 6 8 5 6 5 6 2 5 5 5 3 3 5 6 0 0 0 0 0 0 0 0 0 0 0 0 0 0 0 0 0 0 0 0
0 0 0 0 0 0 0 0 0 0 0 0 0 0 0 0 0 0 0 0 5 2 3 3 3 1 2 3 4 2 5 1 3 4 5 2 4 6 4 6 4 3 3 4 4 2 2 5 3 4 3 6 6 4 2 3 2 5 4 4 3 2 1 4 4 2 5 2 3 2 2 6 2 2 4 6 2 1 2 2 3 3 2 4 6 2 3 6 4 6 2 5 4 5 1 1 3 5 5 6 0 0 0 0 0 0 0 0 0 0 0 0 0 0 0 0 0 0 0 0
0 0 0 0 0 0 0 0 0 0 0 0 0 0 0 0 0 0 0 0 9 5 6 7 7 5 7 7 8 6 9 5 7 8 9 4 8 3 8 3 8 8 4 8 1 4 4 9 8 8 5 6 2 4 5 6 6 9 8 8 5 5 5 3 2 4 1 4 7 5 6 9 4 4 7 4 5 5 6 5 3 4 4 8 3 5 6 4 8 2 6 1 4 9 5 6 3 3 9 2 0 0 0 0 0 0 0 0 0 0 0 0 0 0 0 0 0 0 0 0
0 0 0 0 0 0 0 0 0 0 0 0 0 0 0 0 0 0 0 0 7 6 7 6 7 4 4 3 1 4 1 5 5 6 4 5 7 9 1 9 4 6 5 5 8 5 5 6 5 5 5 10 9 8 5 7 3 7 5 6 5 4 5 6 8 5 8 5 6 4 4 3 5 5 7 7 4 4 4 4 6 5 5 7 9 4 3 7 5 9 3 9 8 7 4 4 3 9 7 9 0 0 0 0 0 0 0 0 0 0 0 0 0 0 0 0 0 0 0 0
0 0 0 0 0 0 0 0 0 0 0 0 0 0 0 0 0 0 0 0 6 3 4 5 4 3 4 4 6 3 6 2 4 6 6 1 5 4 6 4 6 5 3 5 2 1 1 6 5 5 3 5 4 3 3 4 4 7 5 6 3 3 3 2 2 1 3 1 5 3 3 7 1 1 4 5 3 3 3 3 1 2 1 5 4 3 4 5 6 4 4 4 3 7 3 3 3 4 7 4 0 0 0 0 0 0 0 0 0 0 0 0 0 0 0 0 0 0 0 0
0 0 0 0 0 0 0 0 0 0 0 0 0 0 0 0 0 0 0 0 5 2 3 3 3 1 2 2 4 2 5 1 3 4 4 2 4 6 4 6 4 3 2 3 4 2 2 5 3 4 3 6 6 4 2 3 2 5 3 4 3 2 1 3 4 2 5 2 3 2 2 5 2 2 4 6 2 1 2 2 3 3 2 4 6 2 2 6 4 6 2 5 4 5 1 1 3 5 5 6 0 0 0 0 0 0 0 0 0 0 0 0 0 0 0 0 0 0 0 0
0 0 0 0 0 0 0 0 0 0 0 0 0 0 0 0 0 0 0 0 2 4 3 2 3 5 4 4 7 5 7 5 3 2 4 6 2 7 7 7 4 2 6 2 7 6 6 2 3 2 6 6 9 5 5 3 4 2 2 1 6 5 4 7 7 6 8 6 2 5 5 6 6 6 3 10 5 5 5 5 6 6 6 2 7 5 5 10 2 9 5 9 5 2 5 4 3 7 2 9 0 0 0 0 0 0 0 0 0 0 0 0 0 0 0 0 0 0 0 0
preAssignNurse
20 20 20 19 19 19 18 18 17 17 17 16 16 15 15 14 14 13 13 12 12 11 11 11 10 10 10 9 9 9 8 8 7 7 6 5 5 4 4 4 12 15 14 1 3 7 17 2 2 8 3 16 18 18 1 6 6 5 13 14 0 0 0 0 0 0 0 0 0 0 0 0 0 0 0 0 0 0 0 0
preAssignDays
1 1 1 1 1
1 1 1 1 1
1 1 1 1 1
1 0 1 0 1
1 1 1 1 1
1 1 1 1 1
1 1 1 1 1
1 1 1 1 1
1 0 0 0 0
1 1 1 1 1
1 1 1 1 1
1 1 1 1 1
1 0 1 0 1
1 1 1 1 1
1 1 1 1 1
1 0 1 0 1
1 0 1 0 1
1 1 1 1 1
1 1 1 1 1
1 1 1 1 1
1 1 1 1 1
1 1 1 1 1
1 1 1 1 1
1 1 1 1 1
1 1 1 1 1
1 1 1 1 1
1 0 1 0 1
1 1 1 1 1
1 1 1 1 1
1 1 1 1 1
1 1 1 1 1
1 0 0 1 0
1 1 1 1 1
1 1 1 1 1
1 0 1 0 1
1 1 1 1 1
1 1 1 1 1
1 1 1 1 1
1 1 1 1 1
1 1 1 1 1
1 1 1 1 1
1 1 1 1 1
1 1 1 1 1
0 1 0 0 1
1 1 1 1 1
1 1 1 1 1
0 0 0 0 1
1 1 1 1 1
1 0 1 0 1
1 1 1 1 1
1 1 1 1 1
1 1 1 1 1
1 1 1 1 1
1 1 1 1 1
1 1 1 1 1
1 1 1 1 1
1 1 1 1 1
0 1 0 0 1
1 1 1 1 1
1 1 1 1 1
0 0 0 0 0
0 0 0 0 0
0 0 0 0 0
0 0 0 0 0
0 0 0 0 0
0 0 0 0 0
0 0 0 0 0
0 0 0 0 0
0 0 0 0 0
0 0 0 0 0
0 0 0 0 0
0 0 0 0 0
0 0 0 0 0
0 0 0 0 0
0 0 0 0 0
0 0 0 0 0
0 0 0 0 0
0 0 0 0 0
0 0 0 0 0
0 0 0 0 0
preAssignWindows
72 81
52 64
84 90
73 85
54 60
63 69
48 57
72 78
72 84
88 97
52 64
76 85
48 54
74 86
59 71
72 81
48 57
75 87
57 66
75 81
60 66
72 84
55 67
86 92
72 81
48 60
60 66
72 81
54 63
83 89
72 84
51 57
75 81
52 61
48 60
48 57
74 80
72 84
51 63
86 92
87 93
48 54
83 92
55 61
53 65
64 70
72 81
49 58
62 71
86 98
72 81
58 70
82 88
60 69
72 84
65 71
76 85
60 72
93 99
61 70
0 0
0 0
0 0
0 0
0 0
0 0
0 0
0 0
0 0
0 0
0 0
0 0
0 0
0 0
0 0
0 0
0 0
0 0
0 0
0 0
